memory, time
0.09297710515, 0.5013419270
0.09487694055, 0.4398133330
0.09677178540, 0.4148766938
0.09866166590, 0.3976104366
0.1005466080, 0.3843510026
0.1024266374, 0.3735485232
0.1043017796, 0.3644732949
0.1061720601, 0.3565792690
0.1080375039, 0.3495827132
0.1098981360, 0.3433260695
0.1117539812, 0.3376392396
0.1136050640, 0.3324070058
0.1154514088, 0.3275554342
0.1172930398, 0.3230462582
0.1191299810, 0.3188218264
0.1209622563, 0.3148960596
0.1227898892, 0.3115804596
0.1246129033, 0.3088264299
0.1264313218, 0.3065510172
0.1282451678, 0.3046808507
0.1300544644, 0.3031580848
0.1318592341, 0.3019381044
0.1336594997, 0.3009853003
0.1354552836, 0.3002705054
0.1372466080, 0.2997693508
0.1390334950, 0.2994612253
0.1400522510, 0.2993217912



